
 Time: 1
Waiting Clients:
(28, 4, 1) (2, 5, 4) (7, 5, 6) (10, 5, 1) (6, 6, 4) (48, 6, 2) (22, 7, 5) (37, 7, 2) (20, 8, 5) (31, 8, 1) (49, 9, 3) (16, 10, 2) (27, 12, 5) (47, 12, 4) (14, 13, 4) (35, 13, 1) (36, 13, 4) (41, 13, 5) (30, 15, 5) (45, 15, 3) (50, 16, 4) (46, 17, 6) (26, 18, 3) (5, 19, 1) (21, 19, 1) (1, 20, 5) (15, 20, 5) (17, 21, 6) (34, 24, 5) (9, 25, 3) (18, 26, 5) (11, 27, 2) (12, 27, 5) (39, 27, 2) (4, 28, 2) (8, 28, 5) (32, 30, 4) (23, 31, 4) (33, 31, 4) (43, 31, 6) (29, 34, 5) (38, 35, 2) (40, 35, 4) (44, 35, 5) (19, 36, 2) (25, 38, 4) (42, 38, 3) (3, 39, 6) (13, 39, 5) (24, 39, 3) 
Queue 1: closed
Queue 2: closed
Queue 3: closed
Queue 4: closed
Queue 5: closed


 Time: 2
Waiting Clients:
(28, 4, 1) (2, 5, 4) (7, 5, 6) (10, 5, 1) (6, 6, 4) (48, 6, 2) (22, 7, 5) (37, 7, 2) (20, 8, 5) (31, 8, 1) (49, 9, 3) (16, 10, 2) (27, 12, 5) (47, 12, 4) (14, 13, 4) (35, 13, 1) (36, 13, 4) (41, 13, 5) (30, 15, 5) (45, 15, 3) (50, 16, 4) (46, 17, 6) (26, 18, 3) (5, 19, 1) (21, 19, 1) (1, 20, 5) (15, 20, 5) (17, 21, 6) (34, 24, 5) (9, 25, 3) (18, 26, 5) (11, 27, 2) (12, 27, 5) (39, 27, 2) (4, 28, 2) (8, 28, 5) (32, 30, 4) (23, 31, 4) (33, 31, 4) (43, 31, 6) (29, 34, 5) (38, 35, 2) (40, 35, 4) (44, 35, 5) (19, 36, 2) (25, 38, 4) (42, 38, 3) (3, 39, 6) (13, 39, 5) (24, 39, 3) 
Queue 1: closed
Queue 2: closed
Queue 3: closed
Queue 4: closed
Queue 5: closed


 Time: 3
Waiting Clients:
(28, 4, 1) (2, 5, 4) (7, 5, 6) (10, 5, 1) (6, 6, 4) (48, 6, 2) (22, 7, 5) (37, 7, 2) (20, 8, 5) (31, 8, 1) (49, 9, 3) (16, 10, 2) (27, 12, 5) (47, 12, 4) (14, 13, 4) (35, 13, 1) (36, 13, 4) (41, 13, 5) (30, 15, 5) (45, 15, 3) (50, 16, 4) (46, 17, 6) (26, 18, 3) (5, 19, 1) (21, 19, 1) (1, 20, 5) (15, 20, 5) (17, 21, 6) (34, 24, 5) (9, 25, 3) (18, 26, 5) (11, 27, 2) (12, 27, 5) (39, 27, 2) (4, 28, 2) (8, 28, 5) (32, 30, 4) (23, 31, 4) (33, 31, 4) (43, 31, 6) (29, 34, 5) (38, 35, 2) (40, 35, 4) (44, 35, 5) (19, 36, 2) (25, 38, 4) (42, 38, 3) (3, 39, 6) (13, 39, 5) (24, 39, 3) 
Queue 1: closed
Queue 2: closed
Queue 3: closed
Queue 4: closed
Queue 5: closed


 Time: 4
Waiting Clients:
(2, 5, 4) (7, 5, 6) (10, 5, 1) (6, 6, 4) (48, 6, 2) (22, 7, 5) (37, 7, 2) (20, 8, 5) (31, 8, 1) (49, 9, 3) (16, 10, 2) (27, 12, 5) (47, 12, 4) (14, 13, 4) (35, 13, 1) (36, 13, 4) (41, 13, 5) (30, 15, 5) (45, 15, 3) (50, 16, 4) (46, 17, 6) (26, 18, 3) (5, 19, 1) (21, 19, 1) (1, 20, 5) (15, 20, 5) (17, 21, 6) (34, 24, 5) (9, 25, 3) (18, 26, 5) (11, 27, 2) (12, 27, 5) (39, 27, 2) (4, 28, 2) (8, 28, 5) (32, 30, 4) (23, 31, 4) (33, 31, 4) (43, 31, 6) (29, 34, 5) (38, 35, 2) (40, 35, 4) (44, 35, 5) (19, 36, 2) (25, 38, 4) (42, 38, 3) (3, 39, 6) (13, 39, 5) (24, 39, 3) 
Queue 1: (28, 4, 1) 
Queue 2: closed
Queue 3: closed
Queue 4: closed
Queue 5: closed


 Time: 5
Waiting Clients:
(6, 6, 4) (48, 6, 2) (22, 7, 5) (37, 7, 2) (20, 8, 5) (31, 8, 1) (49, 9, 3) (16, 10, 2) (27, 12, 5) (47, 12, 4) (14, 13, 4) (35, 13, 1) (36, 13, 4) (41, 13, 5) (30, 15, 5) (45, 15, 3) (50, 16, 4) (46, 17, 6) (26, 18, 3) (5, 19, 1) (21, 19, 1) (1, 20, 5) (15, 20, 5) (17, 21, 6) (34, 24, 5) (9, 25, 3) (18, 26, 5) (11, 27, 2) (12, 27, 5) (39, 27, 2) (4, 28, 2) (8, 28, 5) (32, 30, 4) (23, 31, 4) (33, 31, 4) (43, 31, 6) (29, 34, 5) (38, 35, 2) (40, 35, 4) (44, 35, 5) (19, 36, 2) (25, 38, 4) (42, 38, 3) (3, 39, 6) (13, 39, 5) (24, 39, 3) 
Queue 1: closed
Queue 2: (2, 5, 4) 
Queue 3: (7, 5, 6) 
Queue 4: (10, 5, 1) 
Queue 5: closed


 Time: 6
Waiting Clients:
(22, 7, 5) (37, 7, 2) (20, 8, 5) (31, 8, 1) (49, 9, 3) (16, 10, 2) (27, 12, 5) (47, 12, 4) (14, 13, 4) (35, 13, 1) (36, 13, 4) (41, 13, 5) (30, 15, 5) (45, 15, 3) (50, 16, 4) (46, 17, 6) (26, 18, 3) (5, 19, 1) (21, 19, 1) (1, 20, 5) (15, 20, 5) (17, 21, 6) (34, 24, 5) (9, 25, 3) (18, 26, 5) (11, 27, 2) (12, 27, 5) (39, 27, 2) (4, 28, 2) (8, 28, 5) (32, 30, 4) (23, 31, 4) (33, 31, 4) (43, 31, 6) (29, 34, 5) (38, 35, 2) (40, 35, 4) (44, 35, 5) (19, 36, 2) (25, 38, 4) (42, 38, 3) (3, 39, 6) (13, 39, 5) (24, 39, 3) 
Queue 1: (6, 6, 4) 
Queue 2: (2, 5, 3) 
Queue 3: (7, 5, 5) 
Queue 4: closed
Queue 5: (48, 6, 2) 


 Time: 7
Waiting Clients:
(20, 8, 5) (31, 8, 1) (49, 9, 3) (16, 10, 2) (27, 12, 5) (47, 12, 4) (14, 13, 4) (35, 13, 1) (36, 13, 4) (41, 13, 5) (30, 15, 5) (45, 15, 3) (50, 16, 4) (46, 17, 6) (26, 18, 3) (5, 19, 1) (21, 19, 1) (1, 20, 5) (15, 20, 5) (17, 21, 6) (34, 24, 5) (9, 25, 3) (18, 26, 5) (11, 27, 2) (12, 27, 5) (39, 27, 2) (4, 28, 2) (8, 28, 5) (32, 30, 4) (23, 31, 4) (33, 31, 4) (43, 31, 6) (29, 34, 5) (38, 35, 2) (40, 35, 4) (44, 35, 5) (19, 36, 2) (25, 38, 4) (42, 38, 3) (3, 39, 6) (13, 39, 5) (24, 39, 3) 
Queue 1: (6, 6, 3) 
Queue 2: (2, 5, 2) 
Queue 3: (7, 5, 4) 
Queue 4: (22, 7, 5) 
Queue 5: (48, 6, 1) (37, 7, 3) 


 Time: 8
Waiting Clients:
(49, 9, 3) (16, 10, 2) (27, 12, 5) (47, 12, 4) (14, 13, 4) (35, 13, 1) (36, 13, 4) (41, 13, 5) (30, 15, 5) (45, 15, 3) (50, 16, 4) (46, 17, 6) (26, 18, 3) (5, 19, 1) (21, 19, 1) (1, 20, 5) (15, 20, 5) (17, 21, 6) (34, 24, 5) (9, 25, 3) (18, 26, 5) (11, 27, 2) (12, 27, 5) (39, 27, 2) (4, 28, 2) (8, 28, 5) (32, 30, 4) (23, 31, 4) (33, 31, 4) (43, 31, 6) (29, 34, 5) (38, 35, 2) (40, 35, 4) (44, 35, 5) (19, 36, 2) (25, 38, 4) (42, 38, 3) (3, 39, 6) (13, 39, 5) (24, 39, 3) 
Queue 1: (6, 6, 2) (31, 8, 2) 
Queue 2: (2, 5, 1) (20, 8, 6) 
Queue 3: (7, 5, 3) 
Queue 4: (22, 7, 4) 
Queue 5: (37, 7, 3) 


 Time: 9
Waiting Clients:
(16, 10, 2) (27, 12, 5) (47, 12, 4) (14, 13, 4) (35, 13, 1) (36, 13, 4) (41, 13, 5) (30, 15, 5) (45, 15, 3) (50, 16, 4) (46, 17, 6) (26, 18, 3) (5, 19, 1) (21, 19, 1) (1, 20, 5) (15, 20, 5) (17, 21, 6) (34, 24, 5) (9, 25, 3) (18, 26, 5) (11, 27, 2) (12, 27, 5) (39, 27, 2) (4, 28, 2) (8, 28, 5) (32, 30, 4) (23, 31, 4) (33, 31, 4) (43, 31, 6) (29, 34, 5) (38, 35, 2) (40, 35, 4) (44, 35, 5) (19, 36, 2) (25, 38, 4) (42, 38, 3) (3, 39, 6) (13, 39, 5) (24, 39, 3) 
Queue 1: (6, 6, 1) (31, 8, 2) 
Queue 2: (20, 8, 6) 
Queue 3: (7, 5, 2) (49, 9, 4) 
Queue 4: (22, 7, 3) 
Queue 5: (37, 7, 2) 


 Time: 10
Waiting Clients:
(27, 12, 5) (47, 12, 4) (14, 13, 4) (35, 13, 1) (36, 13, 4) (41, 13, 5) (30, 15, 5) (45, 15, 3) (50, 16, 4) (46, 17, 6) (26, 18, 3) (5, 19, 1) (21, 19, 1) (1, 20, 5) (15, 20, 5) (17, 21, 6) (34, 24, 5) (9, 25, 3) (18, 26, 5) (11, 27, 2) (12, 27, 5) (39, 27, 2) (4, 28, 2) (8, 28, 5) (32, 30, 4) (23, 31, 4) (33, 31, 4) (43, 31, 6) (29, 34, 5) (38, 35, 2) (40, 35, 4) (44, 35, 5) (19, 36, 2) (25, 38, 4) (42, 38, 3) (3, 39, 6) (13, 39, 5) (24, 39, 3) 
Queue 1: (31, 8, 2) 
Queue 2: (20, 8, 5) 
Queue 3: (7, 5, 1) (49, 9, 4) 
Queue 4: (22, 7, 2) 
Queue 5: (37, 7, 1) (16, 10, 3) 


 Time: 11
Waiting Clients:
(27, 12, 5) (47, 12, 4) (14, 13, 4) (35, 13, 1) (36, 13, 4) (41, 13, 5) (30, 15, 5) (45, 15, 3) (50, 16, 4) (46, 17, 6) (26, 18, 3) (5, 19, 1) (21, 19, 1) (1, 20, 5) (15, 20, 5) (17, 21, 6) (34, 24, 5) (9, 25, 3) (18, 26, 5) (11, 27, 2) (12, 27, 5) (39, 27, 2) (4, 28, 2) (8, 28, 5) (32, 30, 4) (23, 31, 4) (33, 31, 4) (43, 31, 6) (29, 34, 5) (38, 35, 2) (40, 35, 4) (44, 35, 5) (19, 36, 2) (25, 38, 4) (42, 38, 3) (3, 39, 6) (13, 39, 5) (24, 39, 3) 
Queue 1: (31, 8, 1) 
Queue 2: (20, 8, 4) 
Queue 3: (49, 9, 4) 
Queue 4: (22, 7, 1) 
Queue 5: (16, 10, 3) 


 Time: 12
Waiting Clients:
(14, 13, 4) (35, 13, 1) (36, 13, 4) (41, 13, 5) (30, 15, 5) (45, 15, 3) (50, 16, 4) (46, 17, 6) (26, 18, 3) (5, 19, 1) (21, 19, 1) (1, 20, 5) (15, 20, 5) (17, 21, 6) (34, 24, 5) (9, 25, 3) (18, 26, 5) (11, 27, 2) (12, 27, 5) (39, 27, 2) (4, 28, 2) (8, 28, 5) (32, 30, 4) (23, 31, 4) (33, 31, 4) (43, 31, 6) (29, 34, 5) (38, 35, 2) (40, 35, 4) (44, 35, 5) (19, 36, 2) (25, 38, 4) (42, 38, 3) (3, 39, 6) (13, 39, 5) (24, 39, 3) 
Queue 1: (27, 12, 6) 
Queue 2: (20, 8, 3) 
Queue 3: (49, 9, 3) 
Queue 4: (47, 12, 5) 
Queue 5: (16, 10, 2) 


 Time: 13
Waiting Clients:
(30, 15, 5) (45, 15, 3) (50, 16, 4) (46, 17, 6) (26, 18, 3) (5, 19, 1) (21, 19, 1) (1, 20, 5) (15, 20, 5) (17, 21, 6) (34, 24, 5) (9, 25, 3) (18, 26, 5) (11, 27, 2) (12, 27, 5) (39, 27, 2) (4, 28, 2) (8, 28, 5) (32, 30, 4) (23, 31, 4) (33, 31, 4) (43, 31, 6) (29, 34, 5) (38, 35, 2) (40, 35, 4) (44, 35, 5) (19, 36, 2) (25, 38, 4) (42, 38, 3) (3, 39, 6) (13, 39, 5) (24, 39, 3) 
Queue 1: (27, 12, 5) 
Queue 2: (20, 8, 2) (35, 13, 2) (41, 13, 6) 
Queue 3: (49, 9, 2) (36, 13, 5) 
Queue 4: (47, 12, 4) 
Queue 5: (16, 10, 1) (14, 13, 5) 


 Time: 14
Waiting Clients:
(30, 15, 5) (45, 15, 3) (50, 16, 4) (46, 17, 6) (26, 18, 3) (5, 19, 1) (21, 19, 1) (1, 20, 5) (15, 20, 5) (17, 21, 6) (34, 24, 5) (9, 25, 3) (18, 26, 5) (11, 27, 2) (12, 27, 5) (39, 27, 2) (4, 28, 2) (8, 28, 5) (32, 30, 4) (23, 31, 4) (33, 31, 4) (43, 31, 6) (29, 34, 5) (38, 35, 2) (40, 35, 4) (44, 35, 5) (19, 36, 2) (25, 38, 4) (42, 38, 3) (3, 39, 6) (13, 39, 5) (24, 39, 3) 
Queue 1: (27, 12, 4) 
Queue 2: (20, 8, 1) (35, 13, 2) (41, 13, 6) 
Queue 3: (49, 9, 1) (36, 13, 5) 
Queue 4: (47, 12, 3) 
Queue 5: (14, 13, 5) 


 Time: 15
Waiting Clients:
(50, 16, 4) (46, 17, 6) (26, 18, 3) (5, 19, 1) (21, 19, 1) (1, 20, 5) (15, 20, 5) (17, 21, 6) (34, 24, 5) (9, 25, 3) (18, 26, 5) (11, 27, 2) (12, 27, 5) (39, 27, 2) (4, 28, 2) (8, 28, 5) (32, 30, 4) (23, 31, 4) (33, 31, 4) (43, 31, 6) (29, 34, 5) (38, 35, 2) (40, 35, 4) (44, 35, 5) (19, 36, 2) (25, 38, 4) (42, 38, 3) (3, 39, 6) (13, 39, 5) (24, 39, 3) 
Queue 1: (27, 12, 3) (45, 15, 4) 
Queue 2: (35, 13, 2) (41, 13, 6) 
Queue 3: (36, 13, 5) 
Queue 4: (47, 12, 2) (30, 15, 6) 
Queue 5: (14, 13, 4) 


 Time: 16
Waiting Clients:
(46, 17, 6) (26, 18, 3) (5, 19, 1) (21, 19, 1) (1, 20, 5) (15, 20, 5) (17, 21, 6) (34, 24, 5) (9, 25, 3) (18, 26, 5) (11, 27, 2) (12, 27, 5) (39, 27, 2) (4, 28, 2) (8, 28, 5) (32, 30, 4) (23, 31, 4) (33, 31, 4) (43, 31, 6) (29, 34, 5) (38, 35, 2) (40, 35, 4) (44, 35, 5) (19, 36, 2) (25, 38, 4) (42, 38, 3) (3, 39, 6) (13, 39, 5) (24, 39, 3) 
Queue 1: (27, 12, 2) (45, 15, 4) 
Queue 2: (35, 13, 1) (41, 13, 6) 
Queue 3: (36, 13, 4) 
Queue 4: (47, 12, 1) (30, 15, 6) 
Queue 5: (14, 13, 3) (50, 16, 5) 


 Time: 17
Waiting Clients:
(26, 18, 3) (5, 19, 1) (21, 19, 1) (1, 20, 5) (15, 20, 5) (17, 21, 6) (34, 24, 5) (9, 25, 3) (18, 26, 5) (11, 27, 2) (12, 27, 5) (39, 27, 2) (4, 28, 2) (8, 28, 5) (32, 30, 4) (23, 31, 4) (33, 31, 4) (43, 31, 6) (29, 34, 5) (38, 35, 2) (40, 35, 4) (44, 35, 5) (19, 36, 2) (25, 38, 4) (42, 38, 3) (3, 39, 6) (13, 39, 5) (24, 39, 3) 
Queue 1: (27, 12, 1) (45, 15, 4) 
Queue 2: (41, 13, 6) 
Queue 3: (36, 13, 3) (46, 17, 7) 
Queue 4: (30, 15, 6) 
Queue 5: (14, 13, 2) (50, 16, 5) 


 Time: 18
Waiting Clients:
(5, 19, 1) (21, 19, 1) (1, 20, 5) (15, 20, 5) (17, 21, 6) (34, 24, 5) (9, 25, 3) (18, 26, 5) (11, 27, 2) (12, 27, 5) (39, 27, 2) (4, 28, 2) (8, 28, 5) (32, 30, 4) (23, 31, 4) (33, 31, 4) (43, 31, 6) (29, 34, 5) (38, 35, 2) (40, 35, 4) (44, 35, 5) (19, 36, 2) (25, 38, 4) (42, 38, 3) (3, 39, 6) (13, 39, 5) (24, 39, 3) 
Queue 1: (45, 15, 4) (26, 18, 4) 
Queue 2: (41, 13, 5) 
Queue 3: (36, 13, 2) (46, 17, 7) 
Queue 4: (30, 15, 5) 
Queue 5: (14, 13, 1) (50, 16, 5) 


 Time: 19
Waiting Clients:
(1, 20, 5) (15, 20, 5) (17, 21, 6) (34, 24, 5) (9, 25, 3) (18, 26, 5) (11, 27, 2) (12, 27, 5) (39, 27, 2) (4, 28, 2) (8, 28, 5) (32, 30, 4) (23, 31, 4) (33, 31, 4) (43, 31, 6) (29, 34, 5) (38, 35, 2) (40, 35, 4) (44, 35, 5) (19, 36, 2) (25, 38, 4) (42, 38, 3) (3, 39, 6) (13, 39, 5) (24, 39, 3) 
Queue 1: (45, 15, 3) (26, 18, 4) 
Queue 2: (41, 13, 4) (5, 19, 2) 
Queue 3: (36, 13, 1) (46, 17, 7) 
Queue 4: (30, 15, 4) (21, 19, 2) 
Queue 5: (50, 16, 5) 


 Time: 20
Waiting Clients:
(17, 21, 6) (34, 24, 5) (9, 25, 3) (18, 26, 5) (11, 27, 2) (12, 27, 5) (39, 27, 2) (4, 28, 2) (8, 28, 5) (32, 30, 4) (23, 31, 4) (33, 31, 4) (43, 31, 6) (29, 34, 5) (38, 35, 2) (40, 35, 4) (44, 35, 5) (19, 36, 2) (25, 38, 4) (42, 38, 3) (3, 39, 6) (13, 39, 5) (24, 39, 3) 
Queue 1: (45, 15, 2) (26, 18, 4) 
Queue 2: (41, 13, 3) (5, 19, 2) (15, 20, 6) 
Queue 3: (46, 17, 7) 
Queue 4: (30, 15, 3) (21, 19, 2) 
Queue 5: (50, 16, 4) (1, 20, 6) 


 Time: 21
Waiting Clients:
(34, 24, 5) (9, 25, 3) (18, 26, 5) (11, 27, 2) (12, 27, 5) (39, 27, 2) (4, 28, 2) (8, 28, 5) (32, 30, 4) (23, 31, 4) (33, 31, 4) (43, 31, 6) (29, 34, 5) (38, 35, 2) (40, 35, 4) (44, 35, 5) (19, 36, 2) (25, 38, 4) (42, 38, 3) (3, 39, 6) (13, 39, 5) (24, 39, 3) 
Queue 1: (45, 15, 1) (26, 18, 4) 
Queue 2: (41, 13, 2) (5, 19, 2) (15, 20, 6) 
Queue 3: (46, 17, 6) 
Queue 4: (30, 15, 2) (21, 19, 2) (17, 21, 7) 
Queue 5: (50, 16, 3) (1, 20, 6) 


 Time: 22
Waiting Clients:
(34, 24, 5) (9, 25, 3) (18, 26, 5) (11, 27, 2) (12, 27, 5) (39, 27, 2) (4, 28, 2) (8, 28, 5) (32, 30, 4) (23, 31, 4) (33, 31, 4) (43, 31, 6) (29, 34, 5) (38, 35, 2) (40, 35, 4) (44, 35, 5) (19, 36, 2) (25, 38, 4) (42, 38, 3) (3, 39, 6) (13, 39, 5) (24, 39, 3) 
Queue 1: (26, 18, 4) 
Queue 2: (41, 13, 1) (5, 19, 2) (15, 20, 6) 
Queue 3: (46, 17, 5) 
Queue 4: (30, 15, 1) (21, 19, 2) (17, 21, 7) 
Queue 5: (50, 16, 2) (1, 20, 6) 


 Time: 23
Waiting Clients:
(34, 24, 5) (9, 25, 3) (18, 26, 5) (11, 27, 2) (12, 27, 5) (39, 27, 2) (4, 28, 2) (8, 28, 5) (32, 30, 4) (23, 31, 4) (33, 31, 4) (43, 31, 6) (29, 34, 5) (38, 35, 2) (40, 35, 4) (44, 35, 5) (19, 36, 2) (25, 38, 4) (42, 38, 3) (3, 39, 6) (13, 39, 5) (24, 39, 3) 
Queue 1: (26, 18, 3) 
Queue 2: (5, 19, 2) (15, 20, 6) 
Queue 3: (46, 17, 4) 
Queue 4: (21, 19, 2) (17, 21, 7) 
Queue 5: (50, 16, 1) (1, 20, 6) 


 Time: 24
Waiting Clients:
(9, 25, 3) (18, 26, 5) (11, 27, 2) (12, 27, 5) (39, 27, 2) (4, 28, 2) (8, 28, 5) (32, 30, 4) (23, 31, 4) (33, 31, 4) (43, 31, 6) (29, 34, 5) (38, 35, 2) (40, 35, 4) (44, 35, 5) (19, 36, 2) (25, 38, 4) (42, 38, 3) (3, 39, 6) (13, 39, 5) (24, 39, 3) 
Queue 1: (26, 18, 2) (34, 24, 6) 
Queue 2: (5, 19, 1) (15, 20, 6) 
Queue 3: (46, 17, 3) 
Queue 4: (21, 19, 1) (17, 21, 7) 
Queue 5: (1, 20, 6) 


 Time: 25
Waiting Clients:
(18, 26, 5) (11, 27, 2) (12, 27, 5) (39, 27, 2) (4, 28, 2) (8, 28, 5) (32, 30, 4) (23, 31, 4) (33, 31, 4) (43, 31, 6) (29, 34, 5) (38, 35, 2) (40, 35, 4) (44, 35, 5) (19, 36, 2) (25, 38, 4) (42, 38, 3) (3, 39, 6) (13, 39, 5) (24, 39, 3) 
Queue 1: (26, 18, 1) (34, 24, 6) 
Queue 2: (15, 20, 6) 
Queue 3: (46, 17, 2) (9, 25, 4) 
Queue 4: (17, 21, 7) 
Queue 5: (1, 20, 5) 


 Time: 26
Waiting Clients:
(11, 27, 2) (12, 27, 5) (39, 27, 2) (4, 28, 2) (8, 28, 5) (32, 30, 4) (23, 31, 4) (33, 31, 4) (43, 31, 6) (29, 34, 5) (38, 35, 2) (40, 35, 4) (44, 35, 5) (19, 36, 2) (25, 38, 4) (42, 38, 3) (3, 39, 6) (13, 39, 5) (24, 39, 3) 
Queue 1: (34, 24, 6) 
Queue 2: (15, 20, 5) 
Queue 3: (46, 17, 1) (9, 25, 4) 
Queue 4: (17, 21, 6) 
Queue 5: (1, 20, 4) (18, 26, 6) 


 Time: 27
Waiting Clients:
(4, 28, 2) (8, 28, 5) (32, 30, 4) (23, 31, 4) (33, 31, 4) (43, 31, 6) (29, 34, 5) (38, 35, 2) (40, 35, 4) (44, 35, 5) (19, 36, 2) (25, 38, 4) (42, 38, 3) (3, 39, 6) (13, 39, 5) (24, 39, 3) 
Queue 1: (34, 24, 5) (39, 27, 3) 
Queue 2: (15, 20, 4) (11, 27, 3) 
Queue 3: (9, 25, 4) (12, 27, 6) 
Queue 4: (17, 21, 5) 
Queue 5: (1, 20, 3) (18, 26, 6) 


 Time: 28
Waiting Clients:
(32, 30, 4) (23, 31, 4) (33, 31, 4) (43, 31, 6) (29, 34, 5) (38, 35, 2) (40, 35, 4) (44, 35, 5) (19, 36, 2) (25, 38, 4) (42, 38, 3) (3, 39, 6) (13, 39, 5) (24, 39, 3) 
Queue 1: (34, 24, 4) (39, 27, 3) 
Queue 2: (15, 20, 3) (11, 27, 3) (8, 28, 6) 
Queue 3: (9, 25, 3) (12, 27, 6) 
Queue 4: (17, 21, 4) (4, 28, 3) 
Queue 5: (1, 20, 2) (18, 26, 6) 


 Time: 29
Waiting Clients:
(32, 30, 4) (23, 31, 4) (33, 31, 4) (43, 31, 6) (29, 34, 5) (38, 35, 2) (40, 35, 4) (44, 35, 5) (19, 36, 2) (25, 38, 4) (42, 38, 3) (3, 39, 6) (13, 39, 5) (24, 39, 3) 
Queue 1: (34, 24, 3) (39, 27, 3) 
Queue 2: (15, 20, 2) (11, 27, 3) (8, 28, 6) 
Queue 3: (9, 25, 2) (12, 27, 6) 
Queue 4: (17, 21, 3) (4, 28, 3) 
Queue 5: (1, 20, 1) (18, 26, 6) 


 Time: 30
Waiting Clients:
(23, 31, 4) (33, 31, 4) (43, 31, 6) (29, 34, 5) (38, 35, 2) (40, 35, 4) (44, 35, 5) (19, 36, 2) (25, 38, 4) (42, 38, 3) (3, 39, 6) (13, 39, 5) (24, 39, 3) 
Queue 1: (34, 24, 2) (39, 27, 3) (32, 30, 5) 
Queue 2: (15, 20, 1) (11, 27, 3) (8, 28, 6) 
Queue 3: (9, 25, 1) (12, 27, 6) 
Queue 4: (17, 21, 2) (4, 28, 3) 
Queue 5: (18, 26, 6) 


 Time: 31
Waiting Clients:
(29, 34, 5) (38, 35, 2) (40, 35, 4) (44, 35, 5) (19, 36, 2) (25, 38, 4) (42, 38, 3) (3, 39, 6) (13, 39, 5) (24, 39, 3) 
Queue 1: (34, 24, 1) (39, 27, 3) (32, 30, 5) 
Queue 2: (11, 27, 3) (8, 28, 6) 
Queue 3: (12, 27, 6) (43, 31, 7) 
Queue 4: (17, 21, 1) (4, 28, 3) (23, 31, 5) 
Queue 5: (18, 26, 5) (33, 31, 5) 


 Time: 32
Waiting Clients:
(29, 34, 5) (38, 35, 2) (40, 35, 4) (44, 35, 5) (19, 36, 2) (25, 38, 4) (42, 38, 3) (3, 39, 6) (13, 39, 5) (24, 39, 3) 
Queue 1: (39, 27, 3) (32, 30, 5) 
Queue 2: (11, 27, 2) (8, 28, 6) 
Queue 3: (12, 27, 5) (43, 31, 7) 
Queue 4: (4, 28, 3) (23, 31, 5) 
Queue 5: (18, 26, 4) (33, 31, 5) 


 Time: 33
Waiting Clients:
(29, 34, 5) (38, 35, 2) (40, 35, 4) (44, 35, 5) (19, 36, 2) (25, 38, 4) (42, 38, 3) (3, 39, 6) (13, 39, 5) (24, 39, 3) 
Queue 1: (39, 27, 2) (32, 30, 5) 
Queue 2: (11, 27, 1) (8, 28, 6) 
Queue 3: (12, 27, 4) (43, 31, 7) 
Queue 4: (4, 28, 2) (23, 31, 5) 
Queue 5: (18, 26, 3) (33, 31, 5) 


 Time: 34
Waiting Clients:
(38, 35, 2) (40, 35, 4) (44, 35, 5) (19, 36, 2) (25, 38, 4) (42, 38, 3) (3, 39, 6) (13, 39, 5) (24, 39, 3) 
Queue 1: (39, 27, 1) (32, 30, 5) (29, 34, 6) 
Queue 2: (8, 28, 6) 
Queue 3: (12, 27, 3) (43, 31, 7) 
Queue 4: (4, 28, 1) (23, 31, 5) 
Queue 5: (18, 26, 2) (33, 31, 5) 


 Time: 35
Waiting Clients:
(19, 36, 2) (25, 38, 4) (42, 38, 3) (3, 39, 6) (13, 39, 5) (24, 39, 3) 
Queue 1: (32, 30, 5) (29, 34, 6) 
Queue 2: (8, 28, 5) (38, 35, 3) 
Queue 3: (12, 27, 2) (43, 31, 7) 
Queue 4: (23, 31, 5) (40, 35, 5) 
Queue 5: (18, 26, 1) (33, 31, 5) (44, 35, 6) 


 Time: 36
Waiting Clients:
(25, 38, 4) (42, 38, 3) (3, 39, 6) (13, 39, 5) (24, 39, 3) 
Queue 1: (32, 30, 4) (29, 34, 6) 
Queue 2: (8, 28, 4) (38, 35, 3) (19, 36, 3) 
Queue 3: (12, 27, 1) (43, 31, 7) 
Queue 4: (23, 31, 4) (40, 35, 5) 
Queue 5: (33, 31, 5) (44, 35, 6) 


 Time: 37
Waiting Clients:
(25, 38, 4) (42, 38, 3) (3, 39, 6) (13, 39, 5) (24, 39, 3) 
Queue 1: (32, 30, 3) (29, 34, 6) 
Queue 2: (8, 28, 3) (38, 35, 3) (19, 36, 3) 
Queue 3: (43, 31, 7) 
Queue 4: (23, 31, 3) (40, 35, 5) 
Queue 5: (33, 31, 4) (44, 35, 6) 


 Time: 38
Waiting Clients:
(3, 39, 6) (13, 39, 5) (24, 39, 3) 
Queue 1: (32, 30, 2) (29, 34, 6) 
Queue 2: (8, 28, 2) (38, 35, 3) (19, 36, 3) 
Queue 3: (43, 31, 6) (25, 38, 5) 
Queue 4: (23, 31, 2) (40, 35, 5) (42, 38, 4) 
Queue 5: (33, 31, 3) (44, 35, 6) 


 Time: 39
Waiting Clients:

Queue 1: (32, 30, 1) (29, 34, 6) (3, 39, 7) 
Queue 2: (8, 28, 1) (38, 35, 3) (19, 36, 3) (13, 39, 6) 
Queue 3: (43, 31, 5) (25, 38, 5) 
Queue 4: (23, 31, 1) (40, 35, 5) (42, 38, 4) 
Queue 5: (33, 31, 2) (44, 35, 6) (24, 39, 4) 


 Time: 40
Waiting Clients:

Queue 1: (29, 34, 6) (3, 39, 7) 
Queue 2: (38, 35, 3) (19, 36, 3) (13, 39, 6) 
Queue 3: (43, 31, 4) (25, 38, 5) 
Queue 4: (40, 35, 5) (42, 38, 4) 
Queue 5: (33, 31, 1) (44, 35, 6) (24, 39, 4) 


 Time: 41
Waiting Clients:

Queue 1: (29, 34, 5) (3, 39, 7) 
Queue 2: (38, 35, 2) (19, 36, 3) (13, 39, 6) 
Queue 3: (43, 31, 3) (25, 38, 5) 
Queue 4: (40, 35, 4) (42, 38, 4) 
Queue 5: (44, 35, 6) (24, 39, 4) 


 Time: 42
Waiting Clients:

Queue 1: (29, 34, 4) (3, 39, 7) 
Queue 2: (38, 35, 1) (19, 36, 3) (13, 39, 6) 
Queue 3: (43, 31, 2) (25, 38, 5) 
Queue 4: (40, 35, 3) (42, 38, 4) 
Queue 5: (44, 35, 5) (24, 39, 4) 


 Time: 43
Waiting Clients:

Queue 1: (29, 34, 3) (3, 39, 7) 
Queue 2: (19, 36, 3) (13, 39, 6) 
Queue 3: (43, 31, 1) (25, 38, 5) 
Queue 4: (40, 35, 2) (42, 38, 4) 
Queue 5: (44, 35, 4) (24, 39, 4) 


 Time: 44
Waiting Clients:

Queue 1: (29, 34, 2) (3, 39, 7) 
Queue 2: (19, 36, 2) (13, 39, 6) 
Queue 3: (25, 38, 5) 
Queue 4: (40, 35, 1) (42, 38, 4) 
Queue 5: (44, 35, 3) (24, 39, 4) 


 Time: 45
Waiting Clients:

Queue 1: (29, 34, 1) (3, 39, 7) 
Queue 2: (19, 36, 1) (13, 39, 6) 
Queue 3: (25, 38, 4) 
Queue 4: (42, 38, 4) 
Queue 5: (44, 35, 2) (24, 39, 4) 


 Time: 46
Waiting Clients:

Queue 1: (3, 39, 7) 
Queue 2: (13, 39, 6) 
Queue 3: (25, 38, 3) 
Queue 4: (42, 38, 3) 
Queue 5: (44, 35, 1) (24, 39, 4) 


 Time: 47
Waiting Clients:

Queue 1: (3, 39, 6) 
Queue 2: (13, 39, 5) 
Queue 3: (25, 38, 2) 
Queue 4: (42, 38, 2) 
Queue 5: (24, 39, 4) 


 Time: 48
Waiting Clients:

Queue 1: (3, 39, 5) 
Queue 2: (13, 39, 4) 
Queue 3: (25, 38, 1) 
Queue 4: (42, 38, 1) 
Queue 5: (24, 39, 3) 


 Time: 49
Waiting Clients:

Queue 1: (3, 39, 4) 
Queue 2: (13, 39, 3) 
Queue 3: closed
Queue 4: closed
Queue 5: (24, 39, 2) 


 Time: 50
Waiting Clients:

Queue 1: (3, 39, 3) 
Queue 2: (13, 39, 2) 
Queue 3: closed
Queue 4: closed
Queue 5: (24, 39, 1) 


 Time: 51
Waiting Clients:

Queue 1: (3, 39, 2) 
Queue 2: (13, 39, 1) 
Queue 3: closed
Queue 4: closed
Queue 5: closed


 Time: 52
Waiting Clients:

Queue 1: (3, 39, 1) 
Queue 2: closed
Queue 3: closed
Queue 4: closed
Queue 5: closed


 Time: 53
Waiting Clients:

Queue 1: closed
Queue 2: closed
Queue 3: closed
Queue 4: closed
Queue 5: closed

Average Waiting Time: 20.78
Average Processing Time: 3.68
Peak Hour: 39
